type	0	3	3	3
name	traitA	traitB	traitC	traitD
sp1	0	1.0	1.0	1.0
sp2	0	1.0	1.0	2.0
sp3	0	2.0	1.0	3.0
sp4	0	2.0	1.0	4.0
sp5	0	2.0	2.0	1.0
sp6	0	2.0	2.0	2.0
sp7	0	2.0	2.0	3.0
sp8	0	2.0	2.0	4.0
sp9	1	1.0	3.0	1.0
sp10	1	1.0	3.0	2.0
sp11	1	2.0	3.0	3.0
sp12	1	2.0	3.0	4.0
sp13	1	2.0	4.0	1.0
sp14	1	2.0	4.0	2.0
sp15	1	2.0	4.0	3.0
sp16	1	2.0	4.0	4.0
sp17	1	1.0	1.0	1.0
sp18	1	1.0	1.0	2.0
sp19	1	2.0	1.0	3.0
sp20	1	2.0	1.0	4.0
sp21	1	2.0	2.0	1.0
sp22	1	2.0	2.0	2.0
sp23	1	2.0	2.0	3.0
sp24	1	2.0	2.0	4.0
sp25	1	1.0	3.0	1.0
sp26	1	1.0	3.0	2.0
sp27	1	2.0	3.0	3.0
sp28	1	2.0	3.0	4.0
sp29	1	2.0	4.0	1.0
sp30	1	2.0	4.0	2.0
sp31	1	2.0	4.0	3.0
sp32	1	2.0	4.0	4.0
